Mass,Posx,Posy,Posz,Velx,Vely,Velz
1.0E40,0.0,0.0,0.0,0.0,0.0,0.0
1.35582723e+29,4.632578e+15,5.0281e+14,-5.61648e+14,0.0,10000000.0,0.0
4.70678598e+29,5.029849e+15,-5.63647e+14,2.8295e+14,0.0,10000000.0,0.0
9.45274386e+29,5.027967e+15,9.59762e+14,-4.6463e+13,0.0,10000000.0,0.0
9.50278273e+29,4.841711e+15,-1.61688e+14,-2.5413e+13,0.0,10000000.0,0.0
4.80091312e+29,5.577674e+15,-9.21221e+14,9.18139e+14,0.0,10000000.0,0.0
6.12805443e+29,4.084497e+15,-4.27763e+14,2.40006e+14,0.0,10000000.0,0.0
1.30694583e+29,4.281589e+15,-7.50178e+14,6.85185e+14,0.0,10000000.0,0.0
9.47298395e+29,4.289921e+15,3.89481e+14,-4.80857e+14,0.0,10000000.0,0.0
4.88700898e+29,4.367929e+15,-8.60649e+14,4.67057e+14,0.0,10000000.0,0.0
1.48108536e+29,4.667267e+15,-6.43456e+14,5.84736e+14,0.0,10000000.0,0.0
6.04169514e+29,4.052578e+15,-4.1556e+14,-7.45906e+14,0.0,10000000.0,0.0
1.33975942e+29,4.537405e+15,-5.05123e+14,7.02726e+14,0.0,10000000.0,0.0
8.4615328e+29,5.087806e+15,-8.15894e+14,2.08431e+14,0.0,10000000.0,0.0
1.73555473e+29,4.643412e+15,6.02482e+14,9.42875e+14,0.0,10000000.0,0.0
2.75556777e+29,4.674845e+15,-4.03562e+14,-4.26203e+14,0.0,10000000.0,0.0
2.3849055e+29,4.649154e+15,6.04889e+14,-7.23866e+14,0.0,10000000.0,0.0
6.12302562e+29,5.007177e+15,-3.42448e+14,-3.97214e+14,0.0,10000000.0,0.0
3.53331825e+29,4.348928e+15,5.38416e+14,-6.13174e+14,0.0,10000000.0,0.0
1.44648817e+29,4.802147e+15,-1.48862e+14,7.10755e+14,0.0,10000000.0,0.0
6.76749459e+29,4.01633e+15,-9.32644e+14,7.9901e+13,0.0,10000000.0,0.0
6.96595228e+29,4.158335e+15,8.5181e+14,5.76485e+14,0.0,10000000.0,0.0
3.10473998e+29,5.188771e+15,-2.59409e+14,6.7674e+13,0.0,10000000.0,0.0
9.32457495e+29,5.674139e+15,2.6496e+13,-3.54009e+14,0.0,10000000.0,0.0
9.82656944e+29,4.357092e+15,6.95142e+14,-8.12992e+14,0.0,10000000.0,0.0
7.63121628e+29,5.467889e+15,2.83693e+14,9.82937e+14,0.0,10000000.0,0.0
5.47284272e+29,5.634688e+15,-3.1258e+13,-6.819e+12,0.0,10000000.0,0.0
3.9371341e+28,5.588101e+15,-3.08702e+14,-3.60072e+14,0.0,10000000.0,0.0
6.73412232e+29,5.336412e+15,-3.26937e+14,6.49871e+14,0.0,10000000.0,0.0
6.68689178e+29,4.465345e+15,-7.5245e+13,-6.98664e+14,0.0,10000000.0,0.0
3.7219779e+28,4.999188e+15,-9.63602e+14,9.82312e+14,0.0,10000000.0,0.0
8.82435699e+29,4.474354e+15,7.35164e+14,-1.00778e+14,0.0,10000000.0,0.0
5.65595303e+29,4.713748e+15,-5.71578e+14,5.54215e+14,0.0,10000000.0,0.0
7.64447088e+29,5.715415e+15,-9.99997e+14,2.0703e+14,0.0,10000000.0,0.0
9.60330605e+29,4.815391e+15,9.18088e+14,8.40499e+14,0.0,10000000.0,0.0
2.3405708e+29,4.215416e+15,-4.58293e+14,7.34341e+14,0.0,10000000.0,0.0
6.00031637e+29,5.610657e+15,7.02277e+14,-5.76078e+14,0.0,10000000.0,0.0
2.49864581e+29,5.760031e+15,4.00303e+14,-6.25802e+14,0.0,10000000.0,0.0
1.80509856e+29,5.102547e+15,-1.58154e+14,6.98284e+14,0.0,10000000.0,0.0
8.30907806e+29,5.952732e+15,-3.26016e+14,7.332e+12,0.0,10000000.0,0.0
9.36042552e+29,5.45232e+15,-9.7161e+14,-7.84751e+14,0.0,10000000.0,0.0
4.71532846e+29,5.09227e+15,8.40785e+14,-3.81558e+14,0.0,10000000.0,0.0
4.06286835e+29,4.958469e+15,4.67567e+14,-6.76241e+14,0.0,10000000.0,0.0
2.69922842e+29,5.128847e+15,-7.97925e+14,-9.57347e+14,0.0,10000000.0,0.0
3.01170753e+29,5.622231e+15,7.14403e+14,-9.28176e+14,0.0,10000000.0,0.0
1.2016496e+28,5.745535e+15,-9.91737e+14,-1.89192e+14,0.0,10000000.0,0.0
9.87557471e+29,4.832597e+15,7.35341e+14,8.9739e+14,0.0,10000000.0,0.0
2.23919619e+29,5.627841e+15,-8.31077e+14,-7.63826e+14,0.0,10000000.0,0.0
8.82676311e+29,5.664556e+15,-9.89169e+14,-9.23221e+14,0.0,10000000.0,0.0
2.7836223e+28,4.552731e+15,8.69949e+14,1.80969e+14,0.0,10000000.0,0.0
8.98309435e+29,4.890454e+15,8.14283e+14,-7.72813e+14,0.0,10000000.0,0.0
9.97290826e+29,5.064641e+15,3.13807e+14,1.44074e+14,0.0,10000000.0,0.0
3.49647981e+29,5.948005e+15,-2.53875e+14,8.31206e+14,0.0,10000000.0,0.0
7.04146045e+29,4.258682e+15,-6.97456e+14,-4.38678e+14,0.0,10000000.0,0.0
2.12813052e+29,4.093579e+15,-5.21043e+14,-6.28494e+14,0.0,10000000.0,0.0
8.87857155e+29,4.835984e+15,-9.66637e+14,6.40994e+14,0.0,10000000.0,0.0
4.49504393e+29,4.773103e+15,-1.38797e+14,-6.39343e+14,0.0,10000000.0,0.0
9.3607886e+28,5.37578e+15,-9.29237e+14,-9.18373e+14,0.0,10000000.0,0.0
2.3769748e+28,4.77126e+15,6.34761e+14,3.55423e+14,0.0,10000000.0,0.0
8.42583191e+29,4.22302e+15,7.66799e+14,-6.87766e+14,0.0,10000000.0,0.0
5.7908438e+29,5.106604e+15,-7.748e+14,4.2262e+13,0.0,10000000.0,0.0
4.01813547e+29,5.557244e+15,-7.06776e+14,4.18943e+14,0.0,10000000.0,0.0
1.88567681e+29,4.808585e+15,8.06347e+14,4.59924e+14,0.0,10000000.0,0.0
8.67063217e+29,4.750199e+15,-7.46112e+14,7.60051e+14,0.0,10000000.0,0.0
9.6198848e+29,5.55068e+15,-7.55822e+14,2.76587e+14,0.0,10000000.0,0.0
9.8453717e+29,5.236916e+15,6.07552e+14,-6.09758e+14,0.0,10000000.0,0.0
4.99407894e+29,4.785855e+15,9.30953e+14,3.32099e+14,0.0,10000000.0,0.0
5.87900041e+29,4.677114e+15,-4.10665e+14,6.74017e+14,0.0,10000000.0,0.0
6.06763259e+29,5.981089e+15,8.70448e+14,2.61883e+14,0.0,10000000.0,0.0
2.036765e+29,5.692107e+15,3.99904e+14,-5.03455e+14,0.0,10000000.0,0.0
1.19392024e+29,4.00102e+15,-6.17482e+14,8.96137e+14,0.0,10000000.0,0.0
3.8198763e+28,5.260593e+15,6.1949e+14,2.05008e+14,0.0,10000000.0,0.0
5.76371798e+29,5.328491e+15,-7.37062e+14,-9.15585e+14,0.0,10000000.0,0.0
1.46777561e+29,4.626569e+15,7.25224e+14,3.01551e+14,0.0,10000000.0,0.0
7.4449495e+29,5.482927e+15,8.74115e+14,2.73393e+14,0.0,10000000.0,0.0
3.944796e+29,4.264775e+15,-1.18379e+14,-2.42236e+14,0.0,10000000.0,0.0
1.84749497e+29,4.714603e+15,-2.4708e+14,7.71682e+14,0.0,10000000.0,0.0
3.89979902e+29,5.263454e+15,8.9236e+13,5.14506e+14,0.0,10000000.0,0.0
6.50867442e+29,5.765568e+15,1.72087e+14,-9.46127e+14,0.0,10000000.0,0.0
3.32778355e+29,5.450486e+15,-6.3379e+14,3.23297e+14,0.0,10000000.0,0.0
6.65013453e+29,4.74861e+15,1.4626e+13,3.82586e+14,0.0,10000000.0,0.0
9.40139544e+29,5.409478e+15,-8.26e+11,-8.47739e+14,0.0,10000000.0,0.0
6.0107842e+29,5.772778e+15,-4.43834e+14,1.06672e+14,0.0,10000000.0,0.0
8.36086713e+29,4.062786e+15,6.29383e+14,-2.27318e+14,0.0,10000000.0,0.0
7.04843949e+29,4.184383e+15,-3.4849e+13,9.00663e+14,0.0,10000000.0,0.0
4.75350494e+29,4.350701e+15,5.31725e+14,1.97537e+14,0.0,10000000.0,0.0
9.68349265e+29,5.847708e+15,4.04736e+14,-2.12045e+14,0.0,10000000.0,0.0
4.57323311e+29,5.296099e+15,4.9114e+13,1.39132e+14,0.0,10000000.0,0.0
7.08610763e+29,5.857803e+15,7.13228e+14,4.23147e+14,0.0,10000000.0,0.0
7.11983903e+29,4.118099e+15,1.68014e+14,-9.89049e+14,0.0,10000000.0,0.0
9.33335495e+29,5.453494e+15,7.83869e+14,-6.98139e+14,0.0,10000000.0,0.0
7.29427157e+29,5.278436e+15,-6.80231e+14,3.82324e+14,0.0,10000000.0,0.0
9.37470658e+29,4.503189e+15,-9.60883e+14,-9.0819e+14,0.0,10000000.0,0.0
3.39992399e+29,4.837072e+15,3.73207e+14,-3.51162e+14,0.0,10000000.0,0.0
4.36585329e+29,5.663489e+15,6.92924e+14,-5.05853e+14,0.0,10000000.0,0.0
6.8358387e+28,4.429874e+15,-8.50651e+14,-6.66976e+14,0.0,10000000.0,0.0
8.70446698e+29,5.538607e+15,9.22719e+14,3.99269e+14,0.0,10000000.0,0.0
9.8461719e+29,4.937932e+15,6.33812e+14,5.29246e+14,0.0,10000000.0,0.0
6.9003793e+29,4.495006e+15,5.40535e+14,1.55398e+14,0.0,10000000.0,0.0
4.37191914e+29,5.901101e+15,9.27172e+14,7.53278e+14,0.0,10000000.0,0.0
6.55146934e+29,5.702681e+15,3.78807e+14,9.29243e+14,0.0,10000000.0,0.0
3.20530245e+29,4.864976e+15,8.15936e+14,-8.31225e+14,0.0,10000000.0,0.0
5.1145585e+29,4.125773e+15,8.53111e+14,-5.35965e+14,0.0,10000000.0,0.0
8.28632846e+29,4.073833e+15,-6.1891e+13,1.972e+14,0.0,10000000.0,0.0
9.312466e+27,5.044416e+15,-9.15328e+14,-8.17623e+14,0.0,10000000.0,0.0
8.07564669e+29,5.207293e+15,3.09272e+14,-5.79008e+14,0.0,10000000.0,0.0
1.17169382e+29,4.303378e+15,7.18533e+14,-6.62203e+14,0.0,10000000.0,0.0
3.96534932e+29,5.004798e+15,7.61022e+14,-8.36427e+14,0.0,10000000.0,0.0
9.45022415e+29,4.502531e+15,3.66983e+14,2.11429e+14,0.0,10000000.0,0.0
4.2364758e+29,4.183763e+15,-3.48094e+14,9.8589e+14,0.0,10000000.0,0.0
1.09375458e+29,5.149573e+15,1.54217e+14,8.60697e+14,0.0,10000000.0,0.0
1.36579716e+29,4.661312e+15,1.2458e+14,-2.45441e+14,0.0,10000000.0,0.0
1.07152168e+29,4.115159e+15,7.89585e+14,6.9561e+14,0.0,10000000.0,0.0
6.06788533e+29,4.078816e+15,8.40482e+14,5.36696e+14,0.0,10000000.0,0.0
7.53918473e+29,5.985199e+15,1.7508e+13,6.0996e+13,0.0,10000000.0,0.0
1.016897e+27,4.799624e+15,8.50675e+14,7.70984e+14,0.0,10000000.0,0.0
9.85389481e+29,5.33384e+15,6.24349e+14,-9.93046e+14,0.0,10000000.0,0.0
8.77533431e+29,4.604844e+15,4.06682e+14,-9.8715e+13,0.0,10000000.0,0.0
3.89708013e+29,4.43884e+15,1.95501e+14,-2.34355e+14,0.0,10000000.0,0.0
5.98669115e+29,5.64113e+15,-8.13377e+14,-3.83133e+14,0.0,10000000.0,0.0
4.23445714e+29,5.326637e+15,-3.73084e+14,3.12337e+14,0.0,10000000.0,0.0
7.47472606e+29,4.51602e+15,-4.6346e+14,-1.52063e+14,0.0,10000000.0,0.0
8.50281994e+29,4.987617e+15,-8.35166e+14,8.21527e+14,0.0,10000000.0,0.0
3.44976091e+29,4.390125e+15,7.75611e+14,9.48754e+14,0.0,10000000.0,0.0
9.784989e+28,5.638338e+15,6.52998e+14,-5.74445e+14,0.0,10000000.0,0.0
9.61646779e+29,5.979607e+15,4.95201e+14,3.90975e+14,0.0,10000000.0,0.0
2.1896698e+29,5.122931e+15,-3.72508e+14,-3.62336e+14,0.0,10000000.0,0.0
3.17596083e+29,4.103218e+15,-6.46129e+14,7.51203e+14,0.0,10000000.0,0.0
2.9171457e+28,4.468096e+15,9.65311e+14,-7.38381e+14,0.0,10000000.0,0.0
8.50653986e+29,4.811243e+15,-8.23977e+14,-5.50763e+14,0.0,10000000.0,0.0
1.29959928e+29,5.050661e+15,8.27091e+14,4.74047e+14,0.0,10000000.0,0.0
7.9984245e+28,4.633139e+15,-4.25044e+14,-7.48342e+14,0.0,10000000.0,0.0
4.35720086e+29,5.662169e+15,-8.80308e+14,4.64953e+14,0.0,10000000.0,0.0
4.49019024e+29,5.28402e+15,6.59111e+14,7.88681e+14,0.0,10000000.0,0.0
6.70629635e+29,4.830419e+15,9.74848e+14,-1.20099e+14,0.0,10000000.0,0.0
3.1878002e+29,5.25632e+15,-3.46052e+14,2.65353e+14,0.0,10000000.0,0.0
5.27931259e+29,4.21902e+15,4.76719e+14,-4.0899e+14,0.0,10000000.0,0.0
3.5391463e+29,4.745988e+15,-1.54635e+14,3.45383e+14,0.0,10000000.0,0.0
3.84423303e+29,5.742418e+15,-7.41169e+14,-3.16036e+14,0.0,10000000.0,0.0
2.66347937e+29,5.292592e+15,6.35803e+14,6.71564e+14,0.0,10000000.0,0.0
1.70577001e+29,5.652081e+15,2.4689e+14,5.36809e+14,0.0,10000000.0,0.0
3.47633097e+29,4.266832e+15,-4.46192e+14,3.7867e+14,0.0,10000000.0,0.0
1.19743367e+29,4.147134e+15,5.50239e+14,-4.04892e+14,0.0,10000000.0,0.0
7.32140391e+29,5.877525e+15,-9.41888e+14,-3.07685e+14,0.0,10000000.0,0.0
3.35160665e+29,4.839802e+15,8.63518e+14,8.0211e+14,0.0,10000000.0,0.0
2.70753505e+29,4.467084e+15,-2.88173e+14,1.66385e+14,0.0,10000000.0,0.0
8.24832395e+29,4.90777e+15,1.96207e+14,-4.29949e+14,0.0,10000000.0,0.0
4.12123891e+29,4.902477e+15,6.49263e+14,-7.1829e+14,0.0,10000000.0,0.0
8.71706207e+29,5.249318e+15,-5.66086e+14,9.41547e+14,0.0,10000000.0,0.0
4.325103e+29,5.859739e+15,-3.09222e+14,-3.94406e+14,0.0,10000000.0,0.0
3.23335124e+29,5.504092e+15,3.18491e+14,1.87179e+14,0.0,10000000.0,0.0
4.30464079e+29,5.425748e+15,-6.52246e+14,-8.50319e+14,0.0,10000000.0,0.0
8.3241484e+29,5.368136e+15,1.8307e+13,-8.39146e+14,0.0,10000000.0,0.0
3.33673602e+29,4.84067e+15,8.34847e+14,4.13651e+14,0.0,10000000.0,0.0
9.77523867e+29,4.749763e+15,-1.93062e+14,3.699e+14,0.0,10000000.0,0.0
1.532079e+29,4.564481e+15,-7.72526e+14,-4.0698e+13,0.0,10000000.0,0.0
3.90125695e+29,4.011435e+15,7.59311e+14,2.87055e+14,0.0,10000000.0,0.0
4.86182648e+29,5.640411e+15,-4.24212e+14,1.66e+12,0.0,10000000.0,0.0
9.73943477e+29,5.858566e+15,1.4805e+13,2.39505e+14,0.0,10000000.0,0.0
4.48786675e+29,5.870226e+15,2.0096e+14,7.90522e+14,0.0,10000000.0,0.0
6.61974525e+29,4.681518e+15,-8.86288e+14,-9.03997e+14,0.0,10000000.0,0.0
7.18252895e+29,5.074859e+15,6.329e+12,5.74706e+14,0.0,10000000.0,0.0
9.47260865e+29,4.848857e+15,-6.40863e+14,3.59239e+14,0.0,10000000.0,0.0
2.385489e+29,5.173308e+15,-6.92066e+14,7.0206e+14,0.0,10000000.0,0.0
8.03285008e+29,4.485479e+15,-7.49857e+14,-3.94198e+14,0.0,10000000.0,0.0
9.93427924e+29,5.056926e+15,-8.37985e+14,-3.16179e+14,0.0,10000000.0,0.0
3.38076505e+29,4.293205e+15,8.97735e+14,-7.84845e+14,0.0,10000000.0,0.0
3.55116756e+29,5.360588e+15,8.86835e+14,4.10495e+14,0.0,10000000.0,0.0
8.12077672e+29,5.90903e+15,8.29441e+14,-3.91608e+14,0.0,10000000.0,0.0
2.98029219e+29,4.976783e+15,5.716e+14,5.71328e+14,0.0,10000000.0,0.0
5.47611383e+29,5.203802e+15,5.593e+13,6.80526e+14,0.0,10000000.0,0.0
1.51871065e+29,4.40993e+15,-6.70362e+14,-4.41646e+14,0.0,10000000.0,0.0
4.13421199e+29,5.505474e+15,5.81087e+14,-8.40969e+14,0.0,10000000.0,0.0
8.86398081e+29,4.481923e+15,9.92721e+14,-6.99397e+14,0.0,10000000.0,0.0
4.9153253e+29,5.723428e+15,2.22385e+14,3.84967e+14,0.0,10000000.0,0.0
2.22238421e+29,4.647561e+15,-5.92373e+14,6.4846e+14,0.0,10000000.0,0.0
6.08954704e+29,4.509074e+15,-7.64861e+14,8.81934e+14,0.0,10000000.0,0.0
6.4818184e+29,4.968582e+15,-4.18713e+14,5.59368e+14,0.0,10000000.0,0.0
8.45773493e+29,4.00417e+15,5.49612e+14,6.76926e+14,0.0,10000000.0,0.0
7.3779206e+29,5.661862e+15,-2.30665e+14,-9.23977e+14,0.0,10000000.0,0.0
8.00570171e+29,5.180051e+15,8.67062e+14,4.28762e+14,0.0,10000000.0,0.0
9.77976661e+29,5.27065e+15,-4.86115e+14,9.60628e+14,0.0,10000000.0,0.0
3.00641537e+29,5.84937e+15,-8.65306e+14,-1.97549e+14,0.0,10000000.0,0.0
4.57710485e+29,4.361739e+15,7.34584e+14,-5.33809e+14,0.0,10000000.0,0.0
3.10491664e+29,5.915563e+15,4.30855e+14,-8.74655e+14,0.0,10000000.0,0.0
9.53300187e+29,5.688449e+15,7.24231e+14,-5.899e+13,0.0,10000000.0,0.0
3.27955829e+29,5.719639e+15,-2.42996e+14,-1.22161e+14,0.0,10000000.0,0.0
3.3667466e+29,5.005211e+15,1.93286e+14,6.66619e+14,0.0,10000000.0,0.0
2.08482493e+29,4.042603e+15,2.76911e+14,-9.80505e+14,0.0,10000000.0,0.0
5.0658523e+28,5.070906e+15,-6.01949e+14,-1.79416e+14,0.0,10000000.0,0.0
6.66215958e+29,4.733957e+15,7.1837e+14,-6.107e+13,0.0,10000000.0,0.0
4.78074494e+29,4.704247e+15,-9.56629e+14,9.7222e+13,0.0,10000000.0,0.0
5.00500807e+29,4.611458e+15,-3.68729e+14,6.90731e+14,0.0,10000000.0,0.0
6.52251209e+29,4.770006e+15,5.61607e+14,1.54546e+14,0.0,10000000.0,0.0
8.34888e+27,5.711409e+15,2.02706e+14,-3.48199e+14,0.0,10000000.0,0.0
7.61710458e+29,4.11801e+15,-7.31129e+14,-6.70346e+14,0.0,10000000.0,0.0
3.20545135e+29,4.392768e+15,-3.07307e+14,9.37982e+14,0.0,10000000.0,0.0
7.68150365e+29,5.385372e+15,-5.33079e+14,4.28437e+14,0.0,10000000.0,0.0
2.70513239e+29,5.885378e+15,3.4248e+14,7.61322e+14,0.0,10000000.0,0.0
8.19008871e+29,4.894929e+15,-6.86136e+14,4.82957e+14,0.0,10000000.0,0.0
6.46222198e+29,4.870477e+15,5.68926e+14,-7.76649e+14,0.0,10000000.0,0.0
9.96497143e+29,5.675502e+15,5.24092e+14,-4.48632e+14,0.0,10000000.0,0.0
2.13689757e+29,4.159303e+15,-2.21787e+14,-1.11294e+14,0.0,10000000.0,0.0
9.7620046e+29,4.974218e+15,1.6707e+13,7.54496e+14,0.0,10000000.0,0.0
8.5018019e+29,4.355753e+15,1.22897e+14,5.493e+14,0.0,10000000.0,0.0
7.87342926e+29,5.58719e+15,-5.68618e+14,1.64797e+14,0.0,10000000.0,0.0
4.63174292e+29,5.00802e+15,-4.6523e+14,7.71615e+14,0.0,10000000.0,0.0
3.17729132e+29,4.466455e+15,7.9353e+13,-2.86806e+14,0.0,10000000.0,0.0
5.86072659e+29,5.198627e+15,2.49255e+14,-7.11306e+14,0.0,10000000.0,0.0
3.00558015e+29,4.470435e+15,-9.48483e+14,7.38054e+14,0.0,10000000.0,0.0
8.65367987e+29,4.476576e+15,4.56799e+14,2.84068e+14,0.0,10000000.0,0.0
6.17234012e+29,5.481008e+15,-6.88096e+14,-6.23482e+14,0.0,10000000.0,0.0
4.94943438e+29,5.543812e+15,3.33872e+14,-3.64316e+14,0.0,10000000.0,0.0
3.75088527e+29,4.680445e+15,-3.40189e+14,1.51559e+14,0.0,10000000.0,0.0
8.60883479e+29,5.660506e+15,8.77933e+14,-6.7417e+14,0.0,10000000.0,0.0
8.70288168e+29,5.282856e+15,-1.98963e+14,-8.81386e+14,0.0,10000000.0,0.0
2.70729845e+29,5.335823e+15,-5.34248e+14,6.81816e+14,0.0,10000000.0,0.0
4.81978736e+29,4.249891e+15,6.216e+14,-8.75972e+14,0.0,10000000.0,0.0
2.6910223e+29,5.709187e+15,8.6718e+14,3.96198e+14,0.0,10000000.0,0.0
1.07155459e+29,5.00374e+15,-1.34614e+14,-1.34427e+14,0.0,10000000.0,0.0
5.43239365e+29,4.915203e+15,-5.81116e+14,3.11142e+14,0.0,10000000.0,0.0
8.14890267e+29,4.141941e+15,9.4683e+13,-7.65452e+14,0.0,10000000.0,0.0
9.99187034e+29,4.130977e+15,6.84352e+14,-7.19669e+14,0.0,10000000.0,0.0
5.81197637e+29,5.691932e+15,7.2673e+13,1.00228e+14,0.0,10000000.0,0.0
4.01541896e+29,5.344847e+15,1.41489e+14,7.0651e+13,0.0,10000000.0,0.0
5.45428556e+29,5.93378e+15,-2.9964e+14,-2.10452e+14,0.0,10000000.0,0.0
8.03946162e+29,5.020887e+15,5.47316e+14,7.389e+14,0.0,10000000.0,0.0
7.35710437e+29,4.884821e+15,-9.96205e+14,-9.80431e+14,0.0,10000000.0,0.0
1.2928976e+29,5.576486e+15,-1.36247e+14,-4.50853e+14,0.0,10000000.0,0.0
1.73397432e+29,4.795736e+15,9.14132e+14,4.52417e+14,0.0,10000000.0,0.0
7.05094558e+29,4.316784e+15,-9.00618e+14,-9.55466e+14,0.0,10000000.0,0.0
5.1367635e+28,5.453604e+15,9.1005e+13,-9.85634e+14,0.0,10000000.0,0.0
3.79582378e+29,5.021427e+15,-5.95801e+14,-1.6227e+14,0.0,10000000.0,0.0
3.95056341e+29,4.488933e+15,-9.99831e+14,9.53741e+14,0.0,10000000.0,0.0
1.60112726e+29,5.566551e+15,-9.7582e+14,4.01531e+14,0.0,10000000.0,0.0
2.01263132e+29,5.772784e+15,9.89593e+14,-9.29894e+14,0.0,10000000.0,0.0
2.2065586e+29,4.362473e+15,2.55789e+14,9.8558e+13,0.0,10000000.0,0.0
5.49954028e+29,5.8856e+15,9.34948e+14,-5.7292e+14,0.0,10000000.0,0.0
7.4542004e+29,4.424086e+15,-6.7884e+13,7.94838e+14,0.0,10000000.0,0.0
8.19100726e+29,5.405202e+15,9.52937e+14,-2.77338e+14,0.0,10000000.0,0.0
1.4079416e+28,4.449806e+15,5.26564e+14,4.24044e+14,0.0,10000000.0,0.0
6.87947637e+29,5.379231e+15,-1.61614e+14,8.27333e+14,0.0,10000000.0,0.0
5.05715516e+29,5.229976e+15,8.96441e+14,-3.20627e+14,0.0,10000000.0,0.0
6.67009074e+29,4.978372e+15,-1.37411e+14,2.11331e+14,0.0,10000000.0,0.0
9.69962429e+29,4.232193e+15,5.15134e+14,-2.38463e+14,0.0,10000000.0,0.0
5.41623523e+29,5.749118e+15,3.91314e+14,2.53438e+14,0.0,10000000.0,0.0
2.74640741e+29,4.450185e+15,7.8624e+13,2.48277e+14,0.0,10000000.0,0.0
7.26097229e+29,4.840259e+15,3.26986e+14,-8.88926e+14,0.0,10000000.0,0.0
5.43140025e+29,4.362872e+15,4.49984e+14,-5.83795e+14,0.0,10000000.0,0.0
5.40761197e+29,4.697615e+15,7.33525e+14,-8.19811e+14,0.0,10000000.0,0.0
4.61515148e+29,4.835805e+15,5.88935e+14,-1.42007e+14,0.0,10000000.0,0.0
2.39882357e+29,4.333565e+15,-7.15848e+14,-2.5744e+13,0.0,10000000.0,0.0
6.8835544e+29,4.602898e+15,-7.67451e+14,1.7157e+13,0.0,10000000.0,0.0
3.46402335e+29,5.325276e+15,-8.52671e+14,6.83104e+14,0.0,10000000.0,0.0
8.32854402e+29,5.853942e+15,-2.63307e+14,7.82463e+14,0.0,10000000.0,0.0
5.59889813e+29,4.924475e+15,-1.28162e+14,-1.26095e+14,0.0,10000000.0,0.0
6.14101287e+29,5.296019e+15,2.77239e+14,5.57181e+14,0.0,10000000.0,0.0
6.69730333e+29,4.231789e+15,-4.3402e+14,1.83091e+14,0.0,10000000.0,0.0
5.07194048e+29,5.712417e+15,3.03189e+14,5.90468e+14,0.0,10000000.0,0.0
5.9868084e+28,4.298031e+15,-7.09952e+14,-8.57742e+14,0.0,10000000.0,0.0
8.31441343e+29,5.941192e+15,-4.10914e+14,-2.78578e+14,0.0,10000000.0,0.0
6.6785624e+29,4.652121e+15,-5.59103e+14,3.8365e+14,0.0,10000000.0,0.0
3.21051682e+29,4.291005e+15,-2.51258e+14,9.49595e+14,0.0,10000000.0,0.0
7.3253411e+28,5.752103e+15,-2.94098e+14,-1.00869e+14,0.0,10000000.0,0.0
3.85387579e+29,4.556726e+15,-1.0379e+13,-3.42049e+14,0.0,10000000.0,0.0
5.46972557e+29,5.512267e+15,8.03999e+14,4.69899e+14,0.0,10000000.0,0.0
5.59890571e+29,5.342119e+15,4.79882e+14,-2.09356e+14,0.0,10000000.0,0.0
6.31071782e+29,4.962739e+15,-6.8497e+14,-8.53633e+14,0.0,10000000.0,0.0
9.0802318e+28,5.958477e+15,-3.95476e+14,8.35728e+14,0.0,10000000.0,0.0
2.08596221e+29,4.749146e+15,-6.62978e+14,-4.1322e+13,0.0,10000000.0,0.0
2.99849751e+29,4.821587e+15,-1.101e+14,7.88571e+14,0.0,10000000.0,0.0
7.74569604e+29,4.969119e+15,-4.90487e+14,4.89191e+14,0.0,10000000.0,0.0
9.98919764e+29,4.136203e+15,9.6888e+14,8.35523e+14,0.0,10000000.0,0.0
9.2282457e+28,4.271983e+15,-7.31605e+14,4.21918e+14,0.0,10000000.0,0.0
9.52453737e+29,4.554838e+15,6.9618e+14,6.07553e+14,0.0,10000000.0,0.0
1.62953736e+29,5.77855e+15,-5.62465e+14,-4.56272e+14,0.0,10000000.0,0.0
6.00834585e+29,5.317661e+15,2.04706e+14,-7.08029e+14,0.0,10000000.0,0.0
7.9162064e+29,5.2348e+15,-8.7723e+14,5.98101e+14,0.0,10000000.0,0.0
5.87228357e+29,4.271818e+15,-2.21654e+14,1.56873e+14,0.0,10000000.0,0.0
5.62144425e+29,4.633291e+15,-9.62104e+14,2.3622e+13,0.0,10000000.0,0.0
3.68673164e+29,4.257696e+15,-3.54558e+14,-3.39997e+14,0.0,10000000.0,0.0
6.4087825e+28,5.817076e+15,5.79973e+14,-1.53344e+14,0.0,10000000.0,0.0
4.7789177e+29,5.422675e+15,-2.62825e+14,7.18034e+14,0.0,10000000.0,0.0
9.2708526e+29,4.486685e+15,-7.89027e+14,5.12653e+14,0.0,10000000.0,0.0
5.43510454e+29,4.568984e+15,-3.72398e+14,8.18087e+14,0.0,10000000.0,0.0
9.43990984e+29,4.576607e+15,-5.40923e+14,-6.38802e+14,0.0,10000000.0,0.0
6.05974201e+29,4.925617e+15,1.40021e+14,9.51667e+14,0.0,10000000.0,0.0
9.16590215e+29,4.107003e+15,9.96032e+14,6.4197e+14,0.0,10000000.0,0.0
4.73624e+28,5.273052e+15,-9.53858e+14,9.66967e+14,0.0,10000000.0,0.0
4.35412637e+29,5.171417e+15,-9.21647e+14,-9.05652e+14,0.0,10000000.0,0.0
4.93302324e+29,5.890587e+15,7.1019e+14,-8.25305e+14,0.0,10000000.0,0.0
7.99388568e+29,5.336922e+15,6.0397e+14,-1.413e+14,0.0,10000000.0,0.0
4.88207265e+29,5.539097e+15,4.10543e+14,3.11243e+14,0.0,10000000.0,0.0
6.2810377e+29,4.663099e+15,-5.87119e+14,7.8049e+14,0.0,10000000.0,0.0
1.75368226e+29,4.413691e+15,-5.70808e+14,-9.94255e+14,0.0,10000000.0,0.0
9.3171811e+28,4.26288e+15,-2.92518e+14,-6.63972e+14,0.0,10000000.0,0.0
4.55410944e+29,5.206681e+15,-4.89343e+14,-1.87983e+14,0.0,10000000.0,0.0
9.44786795e+29,5.121909e+15,3.53923e+14,9.38062e+14,0.0,10000000.0,0.0
1.02427676e+29,4.195187e+15,6.48289e+14,4.05283e+14,0.0,10000000.0,0.0
3.59338069e+29,5.876803e+15,5.29907e+14,5.20098e+14,0.0,10000000.0,0.0
5.37690467e+29,5.691346e+15,-9.26027e+14,9.32167e+14,0.0,10000000.0,0.0
8.94952346e+29,5.554036e+15,4.40694e+14,8.43144e+14,0.0,10000000.0,0.0
6.2526309e+29,5.059334e+15,-5.6412e+13,-7.03689e+14,0.0,10000000.0,0.0
5.38682971e+29,5.608222e+15,-3.85128e+14,-6.81579e+14,0.0,10000000.0,0.0
5.26744531e+29,5.712318e+15,2.6148e+14,6.2357e+14,0.0,10000000.0,0.0
3.5964176e+29,5.113091e+15,9.4594e+14,4.97589e+14,0.0,10000000.0,0.0
7.5248876e+29,4.839454e+15,2.68295e+14,7.42563e+14,0.0,10000000.0,0.0
3.16043012e+29,5.804013e+15,-4.16474e+14,-3.46395e+14,0.0,10000000.0,0.0
7.189645e+27,5.53577e+15,2.26424e+14,7.36998e+14,0.0,10000000.0,0.0
8.5057809e+28,4.954909e+15,2.07596e+14,-2.58865e+14,0.0,10000000.0,0.0
8.37491291e+29,5.75301e+15,6.65721e+14,-6.44132e+14,0.0,10000000.0,0.0
7.72162948e+29,5.743552e+15,-2.86853e+14,-7.44174e+14,0.0,10000000.0,0.0
5.6877476e+29,5.918901e+15,-2.67356e+14,-6.04859e+14,0.0,10000000.0,0.0
4.38704165e+29,4.98731e+15,-7.06114e+14,-3.84297e+14,0.0,10000000.0,0.0
1.60964006e+29,4.002375e+15,-1.68231e+14,8.559e+13,0.0,10000000.0,0.0
8.0022917e+29,5.840719e+15,2.16899e+14,3.36231e+14,0.0,10000000.0,0.0
2.32480564e+29,4.646533e+15,9.2334e+14,6.07474e+14,0.0,10000000.0,0.0
7.72789598e+29,4.183484e+15,9.29735e+14,4.20312e+14,0.0,10000000.0,0.0
5.96901533e+29,5.106977e+15,8.35464e+14,-1.65701e+14,0.0,10000000.0,0.0
5.98576078e+29,5.873241e+15,8.21306e+14,-2.0802e+13,0.0,10000000.0,0.0
1.11913033e+29,4.788626e+15,-9.31198e+14,-2.49191e+14,0.0,10000000.0,0.0
3.13863749e+29,4.233501e+15,-8.345e+13,-7.62554e+14,0.0,10000000.0,0.0
4.9013286e+29,5.497244e+15,-1.80511e+14,6.08191e+14,0.0,10000000.0,0.0
6.06640112e+29,4.524818e+15,-1.13913e+14,-3.52611e+14,0.0,10000000.0,0.0
3.9011532e+29,5.210259e+15,-7.93541e+14,2.57002e+14,0.0,10000000.0,0.0
1.12050436e+29,4.602646e+15,-8.11615e+14,7.18189e+14,0.0,10000000.0,0.0
5.62121451e+29,4.604954e+15,-4.80289e+14,3.48789e+14,0.0,10000000.0,0.0
8.76215062e+29,4.138305e+15,-5.69991e+14,3.69657e+14,0.0,10000000.0,0.0
5.21939553e+29,4.028896e+15,4.48855e+14,-7.22902e+14,0.0,10000000.0,0.0
6.2643894e+28,4.477258e+15,7.11254e+14,2.13098e+14,0.0,10000000.0,0.0
8.7256563e+28,5.579298e+15,-9.49701e+14,-4.98608e+14,0.0,10000000.0,0.0
2.30676535e+29,4.965142e+15,6.6068e+14,7.83804e+14,0.0,10000000.0,0.0
9.70504284e+29,5.795588e+15,-4.49961e+14,-7.43378e+14,0.0,10000000.0,0.0
1.71566308e+29,5.3763e+15,-7.34458e+14,3.51531e+14,0.0,10000000.0,0.0
1.26673485e+29,4.29719e+15,8.3807e+14,-6.11883e+14,0.0,10000000.0,0.0
6.1395323e+28,4.121342e+15,9.7896e+13,-7.39568e+14,0.0,10000000.0,0.0
3.19637367e+29,5.517703e+15,-1.87047e+14,-7.17096e+14,0.0,10000000.0,0.0
6.76527768e+29,5.759605e+15,-6.5265e+13,-4.3566e+14,0.0,10000000.0,0.0
4.6989911e+29,5.105245e+15,9.69833e+14,-2.98394e+14,0.0,10000000.0,0.0
4.31214373e+29,4.645017e+15,9.46039e+14,-5.85808e+14,0.0,10000000.0,0.0
7.444127e+27,5.179773e+15,3.756e+14,9.20304e+14,0.0,10000000.0,0.0
1.08775087e+29,5.847824e+15,-1.44061e+14,9.2e+14,0.0,10000000.0,0.0
5.55197559e+29,4.725575e+15,-4.76992e+14,9.62233e+14,0.0,10000000.0,0.0
7.85084936e+29,4.881331e+15,-5.29634e+14,-2.80415e+14,0.0,10000000.0,0.0
4.084311e+28,4.157215e+15,4.39971e+14,1.6231e+13,0.0,10000000.0,0.0
3.70445483e+29,5.474114e+15,4.72181e+14,9.8857e+13,0.0,10000000.0,0.0
7.15087785e+29,4.151216e+15,1.82131e+14,-3.4634e+14,0.0,10000000.0,0.0
6.1383154e+29,4.902205e+15,-2.15225e+14,8.78991e+14,0.0,10000000.0,0.0
1.04624227e+29,4.210244e+15,8.97031e+14,-2.852e+12,0.0,10000000.0,0.0
2.23589134e+29,5.108047e+15,-1.5813e+14,-1.82352e+14,0.0,10000000.0,0.0
2.91991126e+29,5.243458e+15,5.8374e+14,-8.53755e+14,0.0,10000000.0,0.0
1.7984227e+28,4.704293e+15,-1.0817e+14,-3.81832e+14,0.0,10000000.0,0.0
2.38198644e+29,5.419768e+15,4.75414e+14,3.76714e+14,0.0,10000000.0,0.0
2.5283414e+28,4.008266e+15,5.12171e+14,-9.80524e+14,0.0,10000000.0,0.0
9.94156065e+29,5.795283e+15,1.56903e+14,4.94006e+14,0.0,10000000.0,0.0
7.94305011e+29,5.689448e+15,8.52599e+14,3.03544e+14,0.0,10000000.0,0.0
1.0767446e+28,4.991324e+15,-6.15562e+14,-9.57981e+14,0.0,10000000.0,0.0
5.0160919e+28,5.373996e+15,-7.20816e+14,-9.23275e+14,0.0,10000000.0,0.0
9.63556514e+29,4.049911e+15,1.34779e+14,6.058e+14,0.0,10000000.0,0.0
4.13457614e+29,5.781896e+15,3.48967e+14,1.16485e+14,0.0,10000000.0,0.0
6.1708768e+29,5.654734e+15,3.89385e+14,-1.53266e+14,0.0,10000000.0,0.0
7.16045159e+29,4.810597e+15,-9.94843e+14,-6.13931e+14,0.0,10000000.0,0.0
7.59673485e+29,5.160464e+15,8.34223e+14,3.7808e+13,0.0,10000000.0,0.0
3.24279133e+29,5.875886e+15,4.64172e+14,1.55961e+14,0.0,10000000.0,0.0
9.1982773e+29,4.329634e+15,1.67658e+14,5.34986e+14,0.0,10000000.0,0.0
3.58039687e+29,5.663533e+15,-1.89068e+14,-2.11476e+14,0.0,10000000.0,0.0
6.94044189e+29,4.052695e+15,5.4631e+13,6.54076e+14,0.0,10000000.0,0.0
1.9893103e+28,5.542342e+15,-8.97684e+14,8.967e+12,0.0,10000000.0,0.0
6.47725951e+29,5.268952e+15,4.33457e+14,1.31538e+14,0.0,10000000.0,0.0
4.78236983e+29,4.136531e+15,-2.95612e+14,6.22767e+14,0.0,10000000.0,0.0
1.51140389e+29,5.372885e+15,-1.95176e+14,1.25302e+14,0.0,10000000.0,0.0
8.1283111e+28,5.410952e+15,-2.18695e+14,-2.0119e+13,0.0,10000000.0,0.0
2.58395295e+29,5.334739e+15,-1.28507e+14,-9.7779e+13,0.0,10000000.0,0.0
9.2763529e+28,5.089965e+15,8.0547e+13,7.06985e+14,0.0,10000000.0,0.0
2.68097302e+29,5.031224e+15,6.16697e+14,-1.92054e+14,0.0,10000000.0,0.0
6.3935458e+28,4.190845e+15,2.38247e+14,-6.43189e+14,0.0,10000000.0,0.0
9.4110604e+29,5.74084e+15,2.93576e+14,-7.4144e+14,0.0,10000000.0,0.0
4.38384738e+29,5.425356e+15,-8.48712e+14,-3.2944e+14,0.0,10000000.0,0.0
4.88802844e+29,4.433325e+15,-7.46029e+14,7.06738e+14,0.0,10000000.0,0.0
3.78354396e+29,5.255492e+15,7.80332e+14,-2.75315e+14,0.0,10000000.0,0.0
8.62679909e+29,4.956948e+15,4.21755e+14,3.3736e+14,0.0,10000000.0,0.0
3.76283426e+29,4.694352e+15,-4.6825e+13,-3.6388e+14,0.0,10000000.0,0.0
7.45412198e+29,4.274468e+15,1.25729e+14,-3.07691e+14,0.0,10000000.0,0.0
5.87036093e+29,4.29615e+15,4.99118e+14,-8.175e+14,0.0,10000000.0,0.0
9.01257792e+29,5.369594e+15,1.56331e+14,-8.8488e+13,0.0,10000000.0,0.0
6.68574546e+29,5.279107e+15,-4.2984e+14,-4.53917e+14,0.0,10000000.0,0.0
2.66665999e+29,5.223804e+15,-6.87022e+14,-3.4294e+14,0.0,10000000.0,0.0
5.89919809e+29,5.453265e+15,7.59901e+14,-8.12812e+14,0.0,10000000.0,0.0
5.33276959e+29,5.782603e+15,6.90103e+14,2.81966e+14,0.0,10000000.0,0.0
2.23684794e+29,4.434733e+15,-5.6817e+14,3.41148e+14,0.0,10000000.0,0.0
8.834413e+29,4.299522e+15,-5.33905e+14,-1.15033e+14,0.0,10000000.0,0.0
6.68808074e+29,4.817914e+15,3.5826e+14,-8.2422e+13,0.0,10000000.0,0.0
5.50017719e+29,4.344425e+15,-6.16382e+14,-2.71804e+14,0.0,10000000.0,0.0
8.74683457e+29,4.147522e+15,8.09874e+14,7.18092e+14,0.0,10000000.0,0.0
4.66993546e+29,4.178567e+15,-4.32518e+14,-4.13951e+14,0.0,10000000.0,0.0
9.98103494e+29,5.210892e+15,5.52324e+14,3.35769e+14,0.0,10000000.0,0.0
7.23037534e+29,4.790167e+15,-1.20209e+14,-6.8727e+14,0.0,10000000.0,0.0
5.42003289e+29,4.81914e+15,-7.3189e+14,3.2305e+13,0.0,10000000.0,0.0
9.93791763e+29,4.621804e+15,8.5479e+13,1.78205e+14,0.0,10000000.0,0.0
2.42993068e+29,4.65138e+15,-8.01632e+14,3.24027e+14,0.0,10000000.0,0.0
8.53421851e+29,5.049017e+15,-4.029e+14,-1.48769e+14,0.0,10000000.0,0.0
2.52570846e+29,4.563895e+15,-5.00039e+14,9.89273e+14,0.0,10000000.0,0.0
1.63684477e+29,4.777802e+15,-9.1886e+13,8.3673e+14,0.0,10000000.0,0.0
4.35935466e+29,4.670381e+15,1.0526e+14,5.31928e+14,0.0,10000000.0,0.0
6.81355987e+29,4.970292e+15,3.80372e+14,3.50061e+14,0.0,10000000.0,0.0
8.28162445e+29,4.610361e+15,5.6607e+13,-4.2523e+14,0.0,10000000.0,0.0
4.9431515e+29,5.888621e+15,-9.41351e+14,7.84808e+14,0.0,10000000.0,0.0
2.59219108e+29,4.069761e+15,-5.71908e+14,-4.73554e+14,0.0,10000000.0,0.0
1.61677283e+29,5.526686e+15,-1.05638e+14,8.34183e+14,0.0,10000000.0,0.0
2.44742312e+29,5.292198e+15,-8.76682e+14,-6.97266e+14,0.0,10000000.0,0.0
7.52946968e+29,5.862835e+15,6.34847e+14,4.28344e+14,0.0,10000000.0,0.0
3.76097143e+29,4.957889e+15,-2.64306e+14,-3.67396e+14,0.0,10000000.0,0.0
6.85471376e+29,5.948833e+15,-7.60619e+14,2.99333e+14,0.0,10000000.0,0.0
8.46480243e+29,5.597873e+15,-9.77096e+14,-7.25113e+14,0.0,10000000.0,0.0
2.37985228e+29,5.680702e+15,-4.04438e+14,6.33128e+14,0.0,10000000.0,0.0
4.46352818e+29,4.522983e+15,-6.94503e+14,-8.86134e+14,0.0,10000000.0,0.0
3.6365407e+28,5.845892e+15,7.54564e+14,5.70897e+14,0.0,10000000.0,0.0
8.69136829e+29,5.948026e+15,-3.28985e+14,1.21465e+14,0.0,10000000.0,0.0
3.94958819e+29,5.241715e+15,-1.39437e+14,-2.79382e+14,0.0,10000000.0,0.0
8.23413651e+29,5.546761e+15,-5.40148e+14,7.04966e+14,0.0,10000000.0,0.0
6.1189838e+28,4.371611e+15,6.58087e+14,5.46062e+14,0.0,10000000.0,0.0
8.99529282e+29,5.510972e+15,-2.2723e+13,2.07985e+14,0.0,10000000.0,0.0
3.85864016e+29,4.819735e+15,-7.41652e+14,-5.43288e+14,0.0,10000000.0,0.0
1.58987149e+29,5.34852e+15,-5.02763e+14,1.73662e+14,0.0,10000000.0,0.0
2.36125565e+29,4.359166e+15,8.8669e+14,-7.51302e+14,0.0,10000000.0,0.0
3.92331834e+29,5.15634e+15,-6.38916e+14,5.94998e+14,0.0,10000000.0,0.0
5.38524906e+29,4.107281e+15,-5.63506e+14,6.18539e+14,0.0,10000000.0,0.0
5.7495211e+29,4.355042e+15,-3.7021e+13,2.52243e+14,0.0,10000000.0,0.0
3.36543421e+29,4.618179e+15,-6.98833e+14,-1.93715e+14,0.0,10000000.0,0.0
1.96049521e+29,5.413437e+15,1.91215e+14,6.23085e+14,0.0,10000000.0,0.0
9.72246534e+29,4.828187e+15,-1.35057e+14,-4.038e+14,0.0,10000000.0,0.0
2.6074136e+29,5.039496e+15,6.78217e+14,4.94041e+14,0.0,10000000.0,0.0
1.93313903e+29,5.461762e+15,-6.9977e+14,-7.4866e+14,0.0,10000000.0,0.0
2.7417733e+29,5.586024e+15,1.3178e+14,9.37193e+14,0.0,10000000.0,0.0
3.05167108e+29,5.174155e+15,1.86296e+14,2.14254e+14,0.0,10000000.0,0.0
4.18678341e+29,4.001425e+15,2.55086e+14,-9.0181e+13,0.0,10000000.0,0.0
4.9603405e+29,5.66231e+15,-5.54511e+14,8.3599e+14,0.0,10000000.0,0.0
2.50360607e+29,5.858779e+15,7.55194e+14,-9.10018e+14,0.0,10000000.0,0.0
6.96755282e+29,4.311257e+15,-7.53136e+14,1.4725e+13,0.0,10000000.0,0.0
7.06718402e+29,5.209196e+15,-3.05171e+14,9.2477e+13,0.0,10000000.0,0.0
7.07439977e+29,4.866289e+15,-7.89323e+14,-9.9896e+14,0.0,10000000.0,0.0
3.21404107e+29,4.396141e+15,-5.69677e+14,-4.32913e+14,0.0,10000000.0,0.0
3.7859806e+29,5.499982e+15,7.07424e+14,-1.47713e+14,0.0,10000000.0,0.0
8.76931901e+29,4.565422e+15,5.36864e+14,-6.41786e+14,0.0,10000000.0,0.0
1.735832e+29,4.195927e+15,1.91234e+14,1.0123e+13,0.0,10000000.0,0.0
5.09463834e+29,4.309803e+15,6.15693e+14,8.87532e+14,0.0,10000000.0,0.0
3.51283684e+29,5.240834e+15,-3.5297e+14,-2.56261e+14,0.0,10000000.0,0.0
3.51683035e+29,4.160701e+15,1.91835e+14,3.44624e+14,0.0,10000000.0,0.0
6.11675786e+29,4.155933e+15,3.82298e+14,-4.96518e+14,0.0,10000000.0,0.0
9.14630236e+29,5.508263e+15,3.54725e+14,-2.075e+13,0.0,10000000.0,0.0
2.00895135e+29,5.883575e+15,7.06388e+14,-8.57281e+14,0.0,10000000.0,0.0
7.9729146e+28,4.466077e+15,8.83246e+14,-5.35472e+14,0.0,10000000.0,0.0
8.6874846e+29,4.819539e+15,7.7481e+13,9.8242e+14,0.0,10000000.0,0.0
4.5153579e+28,5.463423e+15,-1.29066e+14,6.01642e+14,0.0,10000000.0,0.0
6.08218671e+29,4.446318e+15,8.94356e+14,9.65206e+14,0.0,10000000.0,0.0
3.687341e+27,4.386931e+15,-3.70607e+14,1.06802e+14,0.0,10000000.0,0.0
1.26415424e+29,4.386309e+15,-4.58296e+14,6.00875e+14,0.0,10000000.0,0.0
5.54460062e+29,5.041109e+15,7.8135e+13,7.81011e+14,0.0,10000000.0,0.0
2.2650456e+29,4.193804e+15,-9.63752e+14,6.72939e+14,0.0,10000000.0,0.0
3.69254818e+29,4.763193e+15,6.59765e+14,7.99956e+14,0.0,10000000.0,0.0
2.7856821e+28,5.064498e+15,-2.1331e+13,9.49963e+14,0.0,10000000.0,0.0
6.89508545e+29,4.748681e+15,-6.72115e+14,5.5749e+14,0.0,10000000.0,0.0
2.49280472e+29,5.695137e+15,-7.83493e+14,-1.44171e+14,0.0,10000000.0,0.0
8.3133444e+28,4.500283e+15,1.55815e+14,9.77088e+14,0.0,10000000.0,0.0
8.6656244e+28,4.497815e+15,9.32785e+14,8.86439e+14,0.0,10000000.0,0.0
1.5458923e+28,5.71916e+15,6.95463e+14,-8.56045e+14,0.0,10000000.0,0.0
7.57837294e+29,5.57448e+15,-6.2011e+14,7.21132e+14,0.0,10000000.0,0.0
9.45897902e+29,5.118061e+15,-2.0505e+14,6.29506e+14,0.0,10000000.0,0.0
6.4377883e+28,4.291608e+15,4.76521e+14,4.30875e+14,0.0,10000000.0,0.0
6.90118994e+29,5.775623e+15,4.3635e+14,-8.47534e+14,0.0,10000000.0,0.0
7.59340472e+29,5.801406e+15,-7.85336e+14,-9.59774e+14,0.0,10000000.0,0.0
8.29725209e+29,4.89462e+15,2.57649e+14,-5.72028e+14,0.0,10000000.0,0.0
9.03665969e+29,5.361301e+15,-7.15668e+14,-9.93954e+14,0.0,10000000.0,0.0
3.53701304e+29,4.341723e+15,-8.66497e+14,-3.74594e+14,0.0,10000000.0,0.0
5.34897016e+29,4.303501e+15,-5.47346e+14,9.61273e+14,0.0,10000000.0,0.0
6.84616201e+29,4.060801e+15,1.1734e+14,7.64478e+14,0.0,10000000.0,0.0
9.48403852e+29,4.777444e+15,5.41739e+14,6.83369e+14,0.0,10000000.0,0.0
4.50328124e+29,5.237918e+15,5.00313e+14,8.14601e+14,0.0,10000000.0,0.0
5.31126436e+29,5.104653e+15,8.4811e+13,9.62386e+14,0.0,10000000.0,0.0
4.75669316e+29,4.522928e+15,1.07271e+14,9.0203e+14,0.0,10000000.0,0.0
6.6220704e+29,4.32172e+15,8.28873e+14,-2.07472e+14,0.0,10000000.0,0.0
2.5278676e+29,4.732825e+15,-6.81788e+14,-8.14418e+14,0.0,10000000.0,0.0
4.33928228e+29,4.472479e+15,-5.60842e+14,6.5598e+13,0.0,10000000.0,0.0
5.49275041e+29,4.871596e+15,-4.46861e+14,-3.54766e+14,0.0,10000000.0,0.0
4.1207427e+29,4.271863e+15,-3.75912e+14,-6.89726e+14,0.0,10000000.0,0.0
9.24678785e+29,4.353103e+15,-6.14337e+14,-6.87716e+14,0.0,10000000.0,0.0
9.7394783e+28,4.915428e+15,4.20799e+14,8.926e+12,0.0,10000000.0,0.0
9.76891692e+29,5.590599e+15,-6.65698e+14,4.0728e+13,0.0,10000000.0,0.0
6.91083008e+29,5.885014e+15,3.91241e+14,-2.84979e+14,0.0,10000000.0,0.0
9.33231777e+29,4.79164e+15,-6.92733e+14,8.36071e+14,0.0,10000000.0,0.0
5.8657272e+29,4.086684e+15,3.59941e+14,7.932e+12,0.0,10000000.0,0.0
6.48381086e+29,4.723115e+15,1.49575e+14,-4.61007e+14,0.0,10000000.0,0.0
3.3956987e+29,5.843875e+15,6.21591e+14,8.48717e+14,0.0,10000000.0,0.0
9.86017297e+29,4.996072e+15,6.87178e+14,1.36084e+14,0.0,10000000.0,0.0
3.06063081e+29,5.250598e+15,-2.6628e+14,7.2172e+14,0.0,10000000.0,0.0
9.83617334e+29,4.837895e+15,1.80454e+14,-3.0171e+14,0.0,10000000.0,0.0
9.55963117e+29,5.140227e+15,9.93483e+14,6.11191e+14,0.0,10000000.0,0.0
6.3122915e+29,5.803477e+15,-7.13961e+14,-5.31186e+14,0.0,10000000.0,0.0
6.87070395e+29,4.726643e+15,-7.2408e+14,6.14002e+14,0.0,10000000.0,0.0
4.57929826e+29,4.095229e+15,2.9598e+13,2.11148e+14,0.0,10000000.0,0.0
